040 040 05
040 040 05
900 900 05
040 040 05
900 040 05
040 040 05
050 050 05
060 050 05
070 050 05
040 050 05[D[D[D
050 050 05
900 050 05
050 050 05
900 050 05
050 050 05
900 050 05
040 040 05
040 040 05
050 050 05
050 050 05
040 040 05
050 050 05
040 040 05
050 050 05
300 050 05
300 060 05
300 050 05
300 050 05 1
300 050 05 1
300 040 05 1
300 050 05 1
300 040 05 1
300 040 05 2
300 040 05 1
300 040 05 2
300 040 05 1
300 040 05 2
300 040 05 0
300 040 05 1
300 030 05 1
300 040 05 1
300 030 05 1
300 020 05 1
300 040 05 1
300 040 05 2
300 040 05 1
999 040 05 1
999 050 05 1
999 040 05 1
999 040 05 1 040
999 040 05 1 040 0
999 040 05 1 100 0
999 040 05 1 100 1
999 040 05 1 040 0
099 035 05 1 040 0
099 040 04 1 040 0
999 040 04 1 040 0
999 040 05 1 040 0
999 040 04 1 040 0
999 040 05 1 040 0
999 040 05 1 040 1
999 050 05 1 040 1
999 040 05 1 040 0
999 050 05 1 040 0
999 050 05 1 [D
999 111 05 1 040 0
999 050 06 1 040 0
999 050 05 1 040 0
999 040 04 1 040 0
999 030 04 1 040 0
999 050 04 1 040 0
999 800 04 1 040 0
999 060 04 1 040 0
999 050 04 1 040 0
999 040 04 1 040 0
999 050 04 1 040 0
999 050 05 1 040 0
999 050 06 1 040 0
999 050 07 1 040 0
999 050 05 1 040 0 0
999 050 05 1 040 0 1
999 050 05 1 040 0 0
999 050 05 1 040 0 1
999 050 05 1 040 0 0
999 050 05 1 050 0 1
999 040 04 1 050 0 1
999 050 05 1 050 0 1
999 050 06 1 050 0 1
999 050 06 1 050 0 1
999 050 06 1 050 0 1
999 050 06 1 040 0 1
999 050 06 1 040 0 0
999 050 06 1 040 0 1
999 050 06 1 040 0 0
999 050 08 1 040 0 0
999 050 08 1 040 0 1
999 050 07 1 040 0 1
999 050 06 1 040 0 0
999 050 06 1 040 0 1
999 050 05 1 040 0 1
999 050 06 1 040 0 1
999 045 06 1 040 0 1
999 045 05 1 040 0 0
999 045 05 1 040 0 1
999 040 05 1 040 0 1
999 040 04 1 040 0 1
999 040 05 1 040 0 1
999 040 06 1 040 0 1
999 040 06 1 040 0 0
999 040 05 1 040 0 0
999 040 05 1 040 0 1
999 040 06 1 040 0 1
999
999 050 05 1 040 0 0
9
999 050 05 1 040 0 0
9
[C[C[C
999 050 05 1 040 0 0
9
999 060 06 1 040 0 0 
999 060 06 1 040 0 0
1
[C[C
999 050 05 1 040 0 1
999 050 05 1 040 0 0
999 050 05 1 040 0 1
999 050 06 1 040 0 1
999 050 05 1 040 0 0
999 050 05 1 040 0 1
999 050 06 1 040 0 1
999 050 06 1 040 0 0
999 050 06 1 040 0 1
999 050 06 1 040 0 0
999 045 06 1 040 0 0
999 050 06 1 040 0 0
999 050 06 1 040 0 1
999 050 06 1 040 0 0
999 045 06 1 040 0 0
999 050 06 1 040 0 0
999 040 06 1 040 0 0
999 050 06 1 040 0 0
999 050 06 1 040 0 1
999 050 06 1 040 0 0
999 050 06 1 040 0 1
999 050 06 1 040 0 0
999 050 06 1 040 0 1
999 050 06 1 040 0 0
999 050 06 1 040 0 1
999 050 06 1 040 0 0
999 050 06 1 040 0 0
999 050 06 1 040 0 1
999 050 07 1 040 0 1
999 050 06 1 040 0 1
999 050 06 1 040 0 0
999 050 06 1 040 0 1
999 045 06 1 040 0 1
999 040 06 1 040 0 1
999 050 06 1 040 0 0
999 050 06 1 040 0 0
999 040 06 1 040 0 0
999 040 06 1 040 0 1
999 040 07 1 040 0 1
999 040 06 1 040 0 0 3
999 040 07 1 040 0 0 3
999 040 06 1 040 0 0 2
999 040 06 1 040 0 0 4
999 050 06 1 040 0 0 2
999 050 06 1 040 0 1 2
999 040 06 1 040 0 1 2
999 050 06 1 040 0 0 2
999 050 06 1 040 0 1 2
999 050 06 1 040 0 0 2
999 050 05 1 040 0 1 2
999 040 06 1 040 0 0 3
999 040 06 1 040 0 0 2
999 040 06 1 040 0 1 2
999 040 06 1 040 0 1 3
999 040 06 1 040 0 0 3
999 040 06 1 040 0 1 3
999 040 06 1 040 0 1 2
999 040 06 1 040 0 0 2
999 040 06 1 040 0 1 2
999 040 06 1 040 0 0 2
999 040 06 1 040 0 1 2
999 040 05 1 040 0 1 2
999 045 06 1 040 0 0 2
999 050 06 1 040 0 0 2
999 050 06 1 040 0 1 2
999 050 06 1 040 0 0 2
999 050 06 1 040 0 1 2
999 050 05 1 040 0 1 2
999 050 06 1 040 0 0 2
999 055 06 1 040 0 0 2
999 055 06 1 040 0 1 2
999 055 05 1 040 0 1 2
999 055 05 1 040 0 0 2
999 055 05 1 040 0 1 2
999 055 05 1 040 0 0 2
999 055 05 1 040 0 1 2
999 050 06 1 040 0 0 2
999 055 06 1 040 0 0 2
999 060 06 1 040 0 0 2
999 060 06 1 040 0 1 2
999 060 06 1 040 0 0 2
999 060 06 1 040 0 1 2
999 060 06 1 040 0 0 2
999 060 06 1 040 0 1 2
999 055 06 1 040 0 1 2
999 060 06 1 040 0 0 2
999 060 06 1 040 0 1 2
999 055 06 1 040 0 1 2
999 050 06 1 040 0 1 2
999 055 06 1 040 0 0 2
999 055 06 1 040 0 1 2
999 055 06 1 040 0 0 2
999 055 06 1 040 0 1 2
999 055 05 1 040 0 1 2
999 050 05 1 040 0 1 2
999 050 05 1 040 0 0 2
999 050 050 1 040 0 0 2
999 050 055 1 040 0 0 2
999 050 045 1 040 0 0 2
999 055 045 1 040 0 0 2
999 055 045 1 040 0 1 2
999 055 040 1 040 0 1 2
999 055 045 1 040 0 0 2
999 055 045 1 040 0 1 2
999 055 040 1 040 0 1 2
999 050 040 1 040 0 1 2
999 045 040 1 040 0 1 2
999 045 035 1 040 0 1 2
999 040 035 1 040 0 1 2
999 040 030 1 050 0 1 2
999 040 030 1 100 0 1 2
999 040 025 1 100 0 1 2
999 040 025 1 040 0 0 2
999 055 025 1 040 0 0 2
999 055 050 1 040 0 0 2
999 055 050 1 040 0 1 2
999 055 045 1 040 0 1 2
999 055 040 1 040 0 1 2
999 050 040 1 040 0 1 2
999 055 040 1 040 0 1 2
999 055 040 1 040 0 0 2
999 055 040 1 040 0 1 2
999 060 050 1 040 0 1 2
999 060 060 1 040 0 1 2
999 060 050 1 040 0 0 2
999 050 050 1 040 0 0 2
999 050 050 1 040 0 1 2
999 050 045 1 040 0 1 2
999 045 045 1 040 0 1 2
999 045 040 1 040 0 1 2
999 045 040 1 040 0 0 2
999 045 040 1 040 0 1 2
999 045 040 1 040 0 0 2
999 045 040 1 040 0 1 2
999 045 040 1 040 0 0 2
999 055 040 1 040 0 0 2
999 060 040 1 040 0 1 2
999 060 040 1 040 0 0 2
999 060 040 1 040 0 1 2
999 055 040 1 040 0 1 2
999 055 040 1 040 0 0 2
999 055 040 1 040 0 1 2
999 055 040 1 040 0 0 2
999 055 040 1 040 0 1 2
999 055 040 1 040 0 0 2
999 050 040 1 040 0 0 2
999 045 040 1 040 0 0 2
999 045 040 1 040 0 1 2
999 050 040 1 050 0 1 2
999 055 040 1 050 0 1 2
999 050 040 1 050 0 0 2
999 055 040 1 050 0 0 2
999 055 040 1 050 0 1 2
999 050 040 1 050 0 1 2
999 050 040 1 050 0 0 2
999 055 040 1 050 0 0 2
999 055 040 1 050 0 1 2
999 050 040 1 050 0 1 2
999 055 040 1 050 0 1 2
999 055 040 1 050 0 0 2
999 055 040 1 050 0 0 2
999 055 045 1 040 0 0 2
999 055 045 1 040 0 1 2
999 050 045 1 040 0 1 2
999 050 045 1 040 0 0 2
999 050 045 1 040 0 1 2
999 050 045 1 040 0 0 2
999 050 045 1 040 0 1 2
999 050 045 1 040 0 0 2
999 055 045 1 040 0 0 2
999 055 045 1 040 0 1 2
999 050 045 1 040 0 1 2
999 050 045 1 040 0 0 2
999 050 045 1 040 0 1 2
999 050 045 1 040 0 0 2
999 050 045 1 040 0 1 2
999 050 045 1 040 0 0 2
999 050 045 1 040 0 1 2
999 050 045 1 040 0 0 2
999 050 100 1 040 1 0 2
999 050 100 1 040 0 0 2
999 150 045 1 040 0 0 2
999 150 045 1 040 1 0 2
999 999 045 1 040 1 0 2
999 999 045 1 040 0 0 2
999 200 045 1 040 1 0 2
999 150 045 1 040 1 0 2
999 050 045 1 040 0 0 2
999 050 045 1 040 0 1 2
999 050 045 1 040 0 0 2
999 050 045 1 040 0 1 2
999 050 045 1 040 0 0 2
999 050 045 1 040 0 1 2
999 050 045 1 040 0 0 2
999 100 045 1 040 0 0 2
999 050 045 1 040 0 0 2
999 050 045 1 040 0 1 2
999 150 045 1 040 0 0 2
999 200 045 1 040 0 0 2
999 200 045 1 040 1 0 2
999 150 045 1 040 1 0 2\
999 150 045 1 040 1 0 2
999 050 045 1 040 0 0 2
999 050 045 1 040 0 1 2
999 050 045 1 040 0 0 2
999 050 045 1 040 0 1 2
999 050 045 1 040 0 0 2
999 050 045 1 040 0 1 2
999 050 045 1 040 0 0 2
999 050 045 1 040 0 1 2
999 050 045 1 040 0 0 2
999 050 045 1 040 0 1 2
999 055 045 1 040 0 1 2
999 055 045 1 040 0 0 2
999 055 045 1 040 0 1 2
999 050 045 1 040 0 1 2
999 045 045 1 040 0 0 2
999 050 045 1 040 0 0 2
999 050 045 1 040 0 1 2
999 050 045 1 040 0 0 2
999 050 040 1 040 0 0 2
999 050 040 1 040 0 1 2
999 050 040 1 040 0 0 2
999 050 040 1 040 0 1 2
999 050 040 1 040 0 0 2
999 050 040 1 040 0 1 2
999 050 040 1 040 0 0 2
999 045 040 1 040 0 0 2
999 045 040 1 040 0 1 2
999 045 040 1 040 0 0 2
999 045 040 1 040 0 1 2
999 045 040 1 040 0 0 2
999 045 040 1 040 0 1 2
999 045 040 1 040 0 0 2
999 045 040 1 040 0 1 2
999 045 040 1 040 0 0 2
999 045 040 1 040 0 1 2
999 045 040 1 040 0 0 2
999 045 040 1 040 0 1 2
999 045 040 1 040 0 0 2
999 045 040 1 040 0 1 2
999 200 040 1 040 0 0 2
999 200 040 1 040 1 0 2
999 200 040 1 040 0 0 2
999 200 040 1 040 1 0 2
999 200 040 1 040 0 0 2
999 200 040 1 040 1 0 2
999 045 040 1 040 0 0 2
999 200 040 1 040 1 0 2
999 150 040 1 040 0 0 2
999 200 040 1 040 0 0 2
999 200 040 1 040 1 0 2
999 045 040 1 040 0 0 2
999 045 040 1 040 0 1 2
999 045 040 1 040 0 0 2
999 045 050 1 040 0 0 2
999 045 050 1 040 0 1 2
999 045 050 1 040 0 0 2 1
999 045 050 1 040 0 0 2 4
999 045 050 1 040 0 0 2 2
999 045 050 1 040 0 0 2 1
999 045 050 1 040 0 0 2 3
999 045 050 1 040 0 1 2 3
999 045 040 1 040 0 1 2 3
999 045 050 1 040 0 1 2 1
999 045 050 1 040 0 0 2 1
999 045 050 1 040 0 0 2 1 7
999 045 050 1 040 0 0 2 1 9
999 045 050 1 040 0 0 2 1 7
999 045 050 1 040 0 0 2 1 7
999 045 050 1 040 0 0 2 4 7
999 045 050 1 040 0 1 2 4 7
999 045 050 1 040 0 1 2 1 7
999 100 050 1 040 0 0 2 1 7
999 100 050 1 040 1 0 2 1 7
999 100 050 1 040 0 1 2 1 7
999 100 050 1 040 1 1 2 1 7
999 150 050 1 040 1 1 2 1 7
999 150 050 1 040 1 1 3 1 7
999 150 050 1 040 1 1 2 3 7
999 150 050 1 040 0 1 2 3 7
999 150 050 1 040 1 1 2 3 7
999 100 050 1 040 0 0 2 3 8
999 045 040 1 040 0 1 2 3 8
999 045 050 1 040 0 1 2 3 9
999 045 050 1 040 1 1 2 3 9
999 050 050 1 040 1 1 2 3 9
999 055 050 1 040 1 1 2 3 8
999 060 050 1 040 1 1 2 3 7
999 065 050 1 040 1 1 2 3 7
999 065 050 1 040 1 1 2 3 7
999 070 050 1 040 1 1 2 3 7
999 080 050 1 040 1 1 2 3 7
999 045 040 1 040 0 1 2 3 9
999 045 040 1 040 0 1 2 3 8
999 055 040 1 040 0 0 2 3 8
999 070 040 1 040 1 1 3 3 8
999 055 040 1 040 0 1 2 3 8
999 055 040 1 040 0 0 2 3 8
999 150 040 1 040 1 1 2 3 8
999 200 040 1 040 0 0 2 3 8
999 200 040 1 040 0 0 2 3 99
999 200 040 1 040 1 1 2 3 99
999 055 040 1 040 0 0 2 3 8
999 055 040 1 040 0 0 2 3 08
999 055 040 1 040 0 1 2 3 08
999 055 040 1 040 0 0 2 3 08
999 200 040 1 040 0 1 2 4 99
999 200 040 1 040 0 0 2 4 99
999 200 040 1 040 0 1 2 4 99
999 055 040 1 040 0 0 2 1 08
999 055 040 1 040 0 1 2 1 08
999 055 040 1 040 0 1 2 2 08
999 055 040 1 040 0 0 2 2 08
999 055 040 1 040 0 1 2 1 08
999 055 040 1 040 0 1 2 4 08
999 055 040 1 040 0 1 2 3 08
999 055 040 1 040 0 0 2 4 08
999 055 040 1 040 0 1 2 4 08
999 055 040 1 040 0 1 2 3 08
999 055 040 1 040 0 1 2 3 08
999 055 040 1 040 0 0 2 1 08
999 055 040 1 040 0 1 2 4 08
999 055 040 1 040 0 1 2 1 08
999 055 040 1 040 0 0 2 1 08
999 045 040 1 040 0 0 2 1 08
999 045 040 1 040 0 1 2 1 08
999 045 040 1 040 0 0 2 1 08
999 045 040 1 040 0 1 2 1 08
999 050 040 1 040 0 1 2 1 08
999 050 040 1 040 0 0 2 1 08
999 050 040 1 040 0 1 2 1 08
999 050 040 1 040 0 0 2 1 08
999 050 040 1 040 0 0 3 1 08
999 050 040 1 040 0 0 2 1 08
999 050 040 1 040 0 0 2 1 08
999 050 040 1 040 0 0 3 1 08
999 050 040 1 040 0 0 2 1 08
999 050 040 1 040 0 0 3 1 08
999 060 040 1 040 0 0 3 1 08
999 050 040 1 040 0 0 3 1 08
999 200 040 1 040 0 0 3 1 08
999 200 040 1 040 1 0 3 1 08
999 150 040 1 040 1 0 3 1 08
999 100 040 1 040 1 0 3 1 08
999 050 040 1 040 1 0 3 1 08
999 100 040 1 040 0 0 3 1 08
999 100 040 1 040 1 0 3 1 08
999 080 040 1 040 1 0 3 1 08
999 050 040 1 040 0 0 3 1 08
999 050 040 1 040 0 0 3 2 08
999 050 040 1 040 0 1 3 2 08
999 050 040 1 040 0 1 3 4 08
999 050 040 1 040 0 1 2 4 08
999 050 040 1 040 0 0 2 4 08
999 050 040 1 040 0 1 2 4 08
999 050 040 1 040 0 0 2 4 08
999 050 040 1 040 0 1 2 4 08
999 050 040 1 040 0 0 2 4 08
999 050 040 1 040 0 0 3 1 08
999 050 040 1 040 0 1 3 1 08
999 050 040 1 040 0 1 2 1 08
999 050 050 1 040 0 0 2 1 08
999 050 050 1 040 0 1 2 1 08
999 050 050 1 040 0 0 2 1 08
999 050 050 1 040 0 1 2 1 08
999 050 050 1 040 0 0 2 1 08
999 050 050 1 040 0 1 2 1 08
999 050 040 1 040 0 1 2 1 08
999 050 045 1 040 0 0 2 1 08
999 050 045 1 040 0 1 2 1 08
999 050 045 1 040 0 0 2 1 08
999 050 045 1 040 0 0 2 1 08
999 050 045 1 040 0 1 2 1 08
999 050 045 1 040 0 0 2 1 08
999 050 045 1 040 0 1 2 1 08
999 050 045 1 040 0 0 2 1 08
999 050 045 1 040 0 1 2 1 08
999 050 045 1 040 0 0 2 1 08
999 050 045 1 040 0 1 2 1 08
999 050 045 1 040 0 0 2 1 08
999 050 045 1 040 0 1 2 1 08
999 050 045 1 040 0 0 2 1 08
999 050 045 1 040 0 1 2 1 08
999 050 040 1 040 0 1 2 1 08
999 050 040 1 040 0 0 2 1 08
999 050 040 1 040 0 1 2 1 08
999 050 040 1 040 0 0 2 1 08
999 050 040 1 040 0 1 2 1 08
999 050 040 1 040 0 0 2 1 08
999 050 045 1 040 0 0 2 2 08
999 050 045 1 040 0 1 2 2 08
999 040 045 1 040 0 1 2 2 08
999 050 045 1 040 0 0 2 2 08
[B
999 050 045 1 050 0 0 2 2 08
999 050 045 1 050 0 1 2 2 08
999 050 045 1 050 0 0 2 2 08
999 050 045 1 050 0 1 2 2 08
999 050 045 1 050 0 0 2 2 08
999 050 045 1 050 0 1 2 2 08
999 050 045 1 050 0 0 2 3 08
999 050 045 1 040 0 0 2 3 08
999 050 040 1 040 0 0 2 3 08
999 050 040 1 040 0 1 2 3 08
999 050 040 1 040 0 0 2 3 08
999 050 040 1 040 0 1 2 3 08
999 050 040 1 040 0 0 2 3 08
999 050 040 1 040 0 1 2 3 08
999 050 040 1 040 0 0 2 4 08
999 050 040 1 040 0 1 2 4 08
999 050 040 1 040 0 0 2 4 08
999 050 040 1 040 0 1 2 4 08
999 050 040 1 040 0 0 2 4 08
999 050 040 1 040 0 1 2 4 08
999 050 040 1 040 0 0 2 4 08
999 050 040 1 040 0 0 2 1 08
999 050 040 1 040 0 1 2 1 08
999 050 040 1 040 0 0 2 1 08
999 050 040 1 040 0 1 2 1 08
999 050 040 1 040 0 0 2 1 08
999 050 040 1 040 0 1 2 1 08
999 050 040 1 040 0 0 2 1 08
999 050 040 1 040 0 0 2 3 08
999 050 040 1 040 0 1 2 3 08
999 050 040 1 040 0 0 2 3 08
999 050 040 1 040 0 1 2 3 08
999 050 040 1 040 0 0 2 3 08
999 050 040 1 040 0 1 2 3 08
999 050 040 1 040 0 0 2 3 08
999 050 040 1 040 0 1 2 3 08
999 050 040 1 040 0 0 2 3 08
999 050 040 1 040 0 1 2 3 08
999 050 040 1 040 0 0 2 3 08
999 050 040 1 040 0 1 2 3 08
999 050 040 1 040 0 0 2 3 08
999 050 040 1 040 0 1 2 3 08
999 050 040 1 040 0 0 2 3 08
999 050 040 1 040 0 1 2 3 08
999 050 040 1 040 0 0 2 3 08
999 050 040 1 040 0 1 2 3 08
999 050 040 1 040 0 0 2 3 08
999 050 040 1 040 0 1 2 3 08
999 050 040 1 040 0 0 2 3 08
999 050 040 1 040 0 1 2 3 08
999 050 040 1 040 0 0 2 3 08
999 050 040 1 040 0 1 2 3 08
999 050 040 1 040 0 0 2 3 08
999 050 040 1 040 0 1 2 3 08
999 050 040 1 040 0 0 2 3 08
[C
999 050 040 1 040 0 1 2 3 08
999 050 040 1 040 0 0 2 3 08
999 050 040 1 040 0 1 2 3 08
999 050 040 1 040 0 0 2 3 08
999 050 040 1 040 0 1 2 3 08
999 050 040 1 040 0 0 2 3 08
999 050 040 1 040 0 1 2 3 08
999 050 040 1 040 0 0 2 3 08
999 050 040 1 040 0 1 2 3 08
999 050 040 1 040 0 0 2 3 08
999 050 040 1 040 0 1 2 3 08
999 050 040 1 040 0 0 2 3 08
999 050 040 1 040 0 1 2 3 08
999 050 040 1 040 0 0 2 3 08
999 050 040 1 100 0 0 2 3 08
999 050 040 1 100 0 1 2 3 08
999 050 040 1 100 0 0 2 3 08
999 050 040 1 100 0 1 2 3 08
999 050 040 1 100 0 0 2 3 08
999 050 040 1 100 0 1 2 3 08
999 050 040 1 100 0 0 2 3 08
999 055 040 1 100 0 0 2 3 08
999 055 040 1 100 0 1 2 3 08
999 055 040 1 100 0 0 2 3 08
999
999 055 040 1 100 0 1 2 3 08
999 055 040 1 100 0 0 2 3 08
999 055 040 1 100 0 1 2 3 08
999 055 040 1 100 0 0 2 3 08
999 055 040 1 100 0 1 2 3 08
999 055 040 1 100 0 0 2 3 08
999 055 040 1 100 0 1 2 3 08
999 055 040 1 100 0 0 2 3 08
999 055 040 1 100 0 1 2 3 08
999 055 040 1 100 0 0 2 3 08
999 055 040 1 100 0 1 2 3 08
999 055 040 1 100 0 0 2 3 08
999 055 040 1 100 0 1 2 3 08
999 055 040 1 100 0 0 2 3 08
999 055 040 1 100 0 1 2 3 08
999 050 040 1 040 0 0 2 1 08
999 050 040 1 100 0 0 2 1 08
999 055 040 1 100 0 0 2 1 08
999 055 040 1 100 0 1 2 1 08
999 055 040 1 100 0 0 2 1 08
999 055 040 1 100 0 1 2 1 08
999 055 040 1 100 0 0 2 1 08
999 055 040 1 100 0 1 2 1 08
999 055 040 1 100 0 0 2 1 08
999 055 040 1 040 0 0 2 1 08
999 055 040 1 040 0 1 2 1 08
999 055 040 1 040 0 0 2 1 08
999 055 040 1 040 0 0 3 1 08
999 055 040 1 040 0 1 3 1 08
999 055 040 1 040 0 0 3 1 08
999 055 040 1 040 0 1 3 1 08
999 055 040 1 040 0 0 3 1 08
999 055 040 1 040 0 1 3 1 08
999 055 040 1 040 0 0 3 1 08
999 055 040 1 040 0 1 3 1 08
999 055 040 1 040 0 0 3 1 08
999 055 040 1 040 0 1 3 1 08
999 055 040 1 040 0 0 3 1 08
999 055 040 1 040 0 1 3 1 08
999 055 040 1 040 0 0 3 1 08
999 055 040 1 040 0 1 3 1 08
999 055 040 1 040 0 0 3 1 08
999 055 040 1 040 0 1 3 1 08
999 055 040 1 040 0 0 3 1 08
999 055 040 1 040 0 1 3 1 08
999 055 040 1 040 0 0 3 1 08
999 055 040 1 040 0 1 3 1 08
999 055 040 1 040 0 0 3 1 08
999 055 040 1 040 0 1 3 1 08
999 055 040 1 040 0 0 3 1 08
999 055 040 1 040 0 1 3 1 08
999 055 040 1 040 0 0 3 1 08
999 055 040 1 040 0 1 3 1 08
999 055 040 1 040 0 0 3 1 08
999 055 040 1 040 0 1 3 1 08
999 055 040 1 040 0 0 3 1 08
999 055 040 1 040 0 1 3 1 08
999 055 040 1 040 0 0 3 1 08
999 055 040 1 040 0 1 3 1 08
999 055 040 1 040 0 0 3 1 08
999 055 040 1 040 0 1 3 1 08
999 055 040 1 040 0 0 3 1 08
999 055 040 1 040 0 1 3 1 08
999 055 040 1 040 0 0 3 1 08
999 055 040 1 040 0 1 3 1 08
999 055 040 1 040 0 0 3 1 08
999 055 040 1 040 0 1 3 1 08
999 055 040 1 040 0 0 3 1 08
999 055 045 1 040 0 0 3 1 08
999 055 045 1 040 0 1 3 1 08
999 055 045 1 040 0 0 3 1 08
999 055 045 1 040 0 1 3 1 08
999 055 045 1 040 0 0 3 1 08
999 055 050 1 040 0 0 3 1 08
999 055 050 1 040 0 1 3 1 08
999 055 050 1 040 0 0 3 1 08
999 055 050 1 040 0 1 3 1 08
999 055 045 1 040 0 0 3 1 08
999 055 045 1 040 0 1 3 1 08
999 055 045 1 040 0 0 3 1 08
999 055 046 1 040 0 0 3 1 08
999 055 046 1 040 0 1 3 1 08
999 055 045 1 040 0 0 3 1 08
999 055 045 1 040 0 1 3 1 08
999 055 045 1 040 0 0 3 1 08
999 055 045 1 040 0 1 3 1 08
999 055 045 1 040 0 0 3 1 08
999 055 045 1 040 0 1 3 1 08
999 055 045 1 040 0 0 3 1 08
999 055 045 1 040 0 1 3 1 08
999 055 040 1 040 0 1 3 1 08
999 055 040 1 040 0 1 2 1 08
999 055 040 1 100 0 1 2 1 08
999 050 040 1 100 0 1 2 1 08
999 050 040 1 040 0 1 2 1 08
[A
999 050 040 1 040 0 1 2 1 08
999 050 040 1 040 0 1 3 1 08
999 040 040 1 040 0 1 2 1 08
999 040 040 1 040 0 1 3 1 08
999 040 040 1 040 0 1 2 1 08
999 040 040 1 040 0 0 3 1 08
999 050 040 1 040 0 0 3 1 08
999 050 050 1 080 0 0 3 1 08
999 050 040 1 040 0 0 3 1 08
999 050 050 1 040 0 0 3 1 08
999 050 050 1 040 0 1 3 1 08[D[D
999 050 050 1 040 0 1 1 1 08
999 040 040 1 040 0 1 0 1 08
999 040 040 1 040 0 1 3 1 08
999 050 050 1 050 0 1 3 1 08
999 050 050 1 050 0 1 3 1 08
999 040 040 1 040 0 1 3 1 08
999 040 040 1 040 0 1 3 2 08
999 040 040 1 040 0 1 3 1 08
999 040 045 1 040 0 1 3 1 08
999 040 050 1 040 0 1 3 1 08
999 040 050 1 040 0 1 3 1 08 020
999 040 045 1 040 0 1 3 1 08 020
999 040 040 1 040 0 1 3 1 08 030
999 040 040 1 040 0 1 3 1 08 025
999 040 040 1 040 0 1 3 1 08 020
999 040 040 1 040 0 1 3 1 08 015
[A
999 040 040 1 040 0 1 3 1 08 010
999 040 040 1 040 0 1 3 1 08 012
999 040 040 1 040 0 1 3 1 08 013
999 040 040 1 040 0 1 3 1 08 015
999 040 040 1 040 0 1 3 1 08 100
999 040 040 1 040 0 1 3 1 08 050
999 040 040 1 040 0 1 3 1 08 100
999 040 040 1 040 0 1 3 1 08 015
999 040 040 1 040 0 1 3 1 08 015
999 040 040 1 040 0 1 3 1 08 080
999 040 040 1 040 0 1 3 1 08 090
999 040 040 1 040 0 1 3 1 08 085
999 040 080 1 040 0 1 3 1 08 100
999 040 087 1 040 0 1 3 1 08 100
999 040 040 1 040 0 1 3 1 08 015
999 040 040 1 040 0 1 3 2 08 015
999 050 040 1 040 0 1 4 2 08 015
999 500 040 1 040 0 1 4 2 08 015
999 050 040 1 040 0 1 4 2 08 015
999 500 040 1 040 0 1 4 2 08 015
999 040 040 1 040 0 1 4 2 08 015[D[D
[A
999 050 040 1 040 0 1 3 2 08 015
999 700 040 1 040 0 1 3 4 08 015
999 050 040 1 040 0 1 3 4 08 015
999 700 040 1 040 0 1 3 4 08 015
999 050 040 1 040 0 1 3 4 08 015
999 900 040 1 040 0 1 3 4 08 015
999 050 040 1 040 0 1 3 4 08 015
999 900 040 1 040 0 1 3 4 08 015
999 050 040 1 040 0 1 3 4 08 015
999 900 040 1 040 0 1 3 4 08 015
999 050 040 1 040 0 1 3 4 08 015
999 050 050 1 040 0 1 3 4 08 015
999 900 050 1 040 0 1 3 4 08 015
999 050 050 1 040 0 1 3 4 08 015
999 050 040 1 040 0 1 3 4 08 015
999 900 040 1 040 0 1 3 4 08 015
999 050 040 1 040 0 1 3 4 08 015
999 900 040 1 040 0 1 3 4 08 015
999 050 040 1 040 0 1 3 4 08 015
999 900 040 1 040 0 1 3 4 08 015
999 050 040 1 040 0 1 3 4 08 015
999 050 050 1 040 0 1 3 4 08 015
999 050 045 1 040 0 1 3 4 08 015
999 050 040 1 040 0 1 3 4 08 015
999 900 040 1 040 0 1 3 4 08 015
999 050 040 1 040 0 1 3 4 08 015
999 900 040 1 040 0 1 3 4 08 015
999 050 040 1 040 0 1 3 4 08 015
999 050 040 1 040 0 1 3 4 08 017
999 900 040 1 040 0 1 3 4 08 017
999 050 040 1 040 0 1 3 4 08 017
999 900 040 1 040 0 1 3 4 08 017
999 050 040 1 040 0 1 3 4 08 017
999 900 040 1 040 0 1 3 4 08 017
999 050 040 1 040 0 1 3 4 08 017
999 900 040 1 040 0 1 3 4 08 017
999 050 040 1 040 0 1 3 4 08 017
999 900 040 1 040 0 1 3 4 08 017
999 050 040 1 040 0 1 3 4 08 017
999 900 040 1 040 0 1 3 4 08 017
999 050 
999 050 040 1 040 0 1 3 4 08 017
999 900 040 1 040 0 1 3 4 08 017
999 050 040 1 040 0 1 3 4 08 017
999 900 040 1 040 0 1 3 4 08 017
999 050 040 1 040 0 1 3 4 08 017
999 050 040 1 040 0 1 3 4 08 018
999 900 040 1 040 0 1 3 4 08 018
999 050 040 1 040 0 1 3 4 08 018
